1 0.049180327868852465
2 0.072
3 0.10424710424710426
4 0.14862385321100918
5 0.2075149444918873
6 0.28201160541586073
7 0.3707408035260214
8 0.4691455130496961
9 0.5700095566302743
10 0.6653783311735872
11 0.7489124415001331
12 0.817318620477527
13 0.8703154281559329
14 0.9096374073929676
15 0.9378873859832609
16 0.9577161368995423
17 0.971407761162109
18 0.9807550890782432
19 0.9870872243128783
20 0.9913542694153553
21 0.9942195207882653
22 0.9961389075372717
23 0.9974226211922185
24 0.9982802699962566
25 0.9988528557380357
26 0.9992349446157258
27 0.9994898329751408
28 0.9996598308023914
29 0.9997731948175487
