0.00   0
0.05   0
0.10   0
0.15   0
0.20   0
0.25   0
0.30   0
0.35   0
0.40   0
0.45   0
0.50   0
0.55   0
0.60   0
0.65   0
0.70   0
0.75   0
0.80   0
0.85   0
0.90   0
0.95   0
1.00   0
1.05   0
1.10   0
1.15   0
1.20   0
1.25   0
1.30   0
1.35   0
1.40   0
1.45   0
1.50   0
1.55   0
1.60   0
1.65   0
1.70   0
1.75   0
1.80   0
1.85   0
1.90   0
1.95   0
2.00   0
2.05   0
2.10   0
2.15   0
2.20   0
2.25   3
2.30   4
2.35   9
2.40   25
2.45   28
2.50   57
2.55   90
2.60   86
2.65   106
2.70   115
2.75   90
2.80   88
2.85   54
2.90   53
2.95   27
3.00   13
3.05   12
3.10   4
3.15   0
3.20   0
3.25   0
3.30   0
3.35   0
3.40   0
3.45   0
3.50   0
3.55   0
3.60   0
3.65   0
3.70   0
3.75   0
3.80   0
3.85   0
3.90   2
3.95   4
4.00   8
4.05   10
4.10   34
4.15   39
4.20   61
4.25   83
4.30   78
4.35   136
4.40   114
4.45   87
4.50   74
4.55   43
4.60   47
4.65   21
4.70   6
4.75   4
4.80   0
4.85   1
4.90   1
4.95   0
5.00   0
5.05   0
5.10   0
5.15   0
5.20   0
5.25   0
5.30   0
5.35   0
5.40   0
5.45   0
5.50   0
5.55   0
5.60   0
5.65   0
5.70   0
5.75   0
5.80   0
5.85   0
5.90   0
5.95   0
6.00   0
6.05   0
6.10   0
6.15   0
6.20   0
6.25   0
6.30   0
6.35   0
6.40   0
6.45   0
6.50   0
6.55   0
6.60   0
6.65   0
6.70   0
6.75   0
6.80   0
6.85   0
6.90   0
6.95   0
